螺旋状输出或生成二维数组

1、螺旋状生成数组，给定数n，生成n*n的螺旋状数组

例如，n = 3时，输出为：

[
 [ 1, 2, 3 ],
 [ 8, 9, 4 ],
 [ 7, 6, 5 ]
]

此时可先将数组中所有值置为0，按照螺旋的方式，遍历数组并赋值，如果遇到不为0的值或者下标超出数组范围，则需要改变遍历方向

但是还有一种更为巧妙的方法：

先添加最大的值9

将9顺时针旋转，再在上面从小到大添加对应的其他数，此时应该添加8，变成：
8
9

再顺时针旋转，在上面从小到大添加后得到：
6 7
9 8

重复上一操作，得到：
4 5
9 6
8 7

重复上一操作，得到：
1 2 3
8 9 4
7 6 5

此时已经添加到最小数1，算法结束


2、螺旋状输出数组，给定n*n的二维数组，按照螺旋状打印数组成员

例如，给定数组为：

[
 [ 1, 2, 3 ],
 [ 4, 5, 6 ],
 [ 7, 8, 9 ]
]

则输出：

[1,2,3,6,9,8,7,4,5]

此时也可以采用上面的方式：

先输出第一行的数字：1,2,3

然后逆时针旋转数组，得到

[
 [ 6, 9 ],
 [ 5, 8 ],
 [ 4, 7 ]
]

再输出第一行数字：6,9，然后再逆时针旋转数组，直到数组中所有数字均已经输出完毕